0.200128 0 0 0.200128 0.000128 0.2 0.0
0.200192 1 0 0.200192 0.000128 0.2 6.4e-05
0.200256 2 0 0.200256 0.000128 0.2 0.000128
0.20032 3 0 0.20032 0.000128 0.2 0.000192
0.200384 4 0 0.200384 0.000128 0.2 0.000256
0.200448 5 0 0.200448 0.000128 0.2 0.00032
0.200512 6 0 0.200512 0.000128 0.2 0.000384
0.200576 7 0 0.200576 0.000128 0.2 0.000448
0.20064 8 0 0.20064 0.000128 0.2 0.000512
0.200704 9 0 0.200704 0.000128 0.2 0.000576
0.200768 10 0 0.200768 0.000128 0.2 0.00064
0.200832 11 0 0.200832 0.000128 0.2 0.000704
0.200896 12 0 0.200896 0.000128 0.2 0.000768
0.20096 13 0 0.20096 0.000128 0.2 0.000832
0.201024 14 0 0.201024 0.000128 0.2 0.000896
0.201088 15 0 0.201088 0.000128 0.2 0.00096
0.201152 16 0 0.201152 0.000128 0.2 0.001024
0.201216 17 0 0.201216 0.000128 0.2 0.001088
0.20128 18 0 0.20128 0.000128 0.2 0.001152
0.201344 19 0 0.201344 0.000128 0.2 0.001216
0.201408 20 0 0.201408 0.000128 0.2 0.00128
0.201472 21 0 0.201472 0.000128 0.2 0.001344
0.201536 22 0 0.201536 0.000128 0.2 0.001408
0.2016 23 0 0.2016 0.000128 0.2 0.001472
0.201664 24 0 0.201664 0.000128 0.2 0.001536
0.201728 25 0 0.201728 0.000128 0.2 0.0016
0.201792 26 0 0.201792 0.000128 0.2 0.001664
0.201856 27 0 0.201856 0.000128 0.2 0.001728
0.20192 28 0 0.20192 0.000128 0.2 0.001792
0.201984 29 0 0.201984 0.000128 0.2 0.001856
0.202048 30 0 0.202048 0.000128 0.2 0.00192
0.202112 31 0 0.202112 0.000128 0.2 0.001984
0.202176 32 0 0.202176 0.000128 0.2 0.002048
0.20224 33 0 0.20224 0.000128 0.2 0.002112
0.202304 34 0 0.202304 0.000128 0.2 0.002176
0.202368 35 0 0.202368 0.000128 0.2 0.00224
0.202432 36 0 0.202432 0.000128 0.2 0.002304
0.202496 37 0 0.202496 0.000128 0.2 0.002368
0.20256 38 0 0.20256 0.000128 0.2 0.002432
0.202624 39 0 0.202624 0.000128 0.2 0.002496
0.202688 40 0 0.202688 0.000128 0.2 0.00256
0.202752 41 0 0.202752 0.000128 0.2 0.002624
0.202816 42 0 0.202816 0.000128 0.2 0.002688
0.20288 43 0 0.20288 0.000128 0.2 0.002752
0.202944 44 0 0.202944 0.000128 0.2 0.002816
0.203008 45 0 0.203008 0.000128 0.2 0.00288
0.203072 46 0 0.203072 0.000128 0.2 0.002944
0.203136 47 0 0.203136 0.000128 0.2 0.003008
0.2032 48 0 0.2032 0.000128 0.2 0.003072
0.203264 49 0 0.203264 0.000128 0.2 0.003136
0.203328 50 0 0.203328 0.000128 0.2 0.0032
0.203392 51 0 0.203392 0.000128 0.2 0.003264
0.203456 52 0 0.203456 0.000128 0.2 0.003328
0.20352 53 0 0.20352 0.000128 0.2 0.003392
0.203584 54 0 0.203584 0.000128 0.2 0.003456
0.203648 55 0 0.203648 0.000128 0.2 0.00352
0.203712 56 0 0.203712 0.000128 0.2 0.003584
0.203776 57 0 0.203776 0.000128 0.2 0.003648
0.20384 58 0 0.20384 0.000128 0.2 0.003712
0.203904 59 0 0.203904 0.000128 0.2 0.003776
0.203968 60 0 0.203968 0.000128 0.2 0.00384
0.204032 61 0 0.204032 0.000128 0.2 0.003904
0.204096 62 0 0.204096 0.000128 0.2 0.003968
0.20416 63 0 0.20416 0.000128 0.2 0.004032
0.204224 64 0 0.204224 0.000128 0.2 0.004096
0.204288 65 0 0.204288 0.000128 0.2 0.00416
0.204352 66 0 0.204352 0.000128 0.2 0.004224
0.204416 67 0 0.204416 0.000128 0.2 0.004288
0.20448 68 0 0.20448 0.000128 0.2 0.004352
0.204544 69 0 0.204544 0.000128 0.2 0.004416
0.204608 70 0 0.204608 0.000128 0.2 0.00448
0.204672 71 0 0.204672 0.000128 0.2 0.004544
0.204736 72 0 0.204736 0.000128 0.2 0.004608
0.2048 73 0 0.2048 0.000128 0.2 0.004672
0.204864 74 0 0.204864 0.000128 0.2 0.004736
0.204928 75 0 0.204928 0.000128 0.2 0.0048
0.204992 76 0 0.204992 0.000128 0.2 0.004864
0.205056 77 0 0.205056 0.000128 0.2 0.004928
0.20512 78 0 0.20512 0.000128 0.2 0.004992
0.205184 79 0 0.205184 0.000128 0.2 0.005056
0.205248 80 0 0.205248 0.000128 0.2 0.00512
0.205312 81 0 0.205312 0.000128 0.2 0.005184
0.205376 82 0 0.205376 0.000128 0.2 0.005248
0.20544 83 0 0.20544 0.000128 0.2 0.005312
0.205504 84 0 0.205504 0.000128 0.2 0.005376
0.205568 85 0 0.205568 0.000128 0.2 0.00544
0.205632 86 0 0.205632 0.000128 0.2 0.005504
0.205696 87 0 0.205696 0.000128 0.2 0.005568
0.20576 88 0 0.20576 0.000128 0.2 0.005632
0.205824 89 0 0.205824 0.000128 0.2 0.005696
0.205888 90 0 0.205888 0.000128 0.2 0.00576
0.205952 91 0 0.205952 0.000128 0.2 0.005824
0.206016 92 0 0.206016 0.000128 0.2 0.005888
0.20608 93 0 0.20608 0.000128 0.2 0.005952
0.206144 94 0 0.206144 0.000128 0.2 0.006016
0.206208 95 0 0.206208 0.000128 0.2 0.00608
0.206272 96 0 0.206272 0.000128 0.2 0.006144
0.206336 97 0 0.206336 0.000128 0.2 0.006208
0.2064 98 0 0.2064 0.000128 0.2 0.006272
0.206464 99 0 0.206464 0.000128 0.2 0.006336
